             agents:     MMABPA(STH,d=4)   MMABPA(ST1SD1,d=4)   MMABPA(ST2SD1,d=4)   MMABPA(ST3SD1,d=4)   MMABPA(ST4SD1,d=4)   MMABPA(ST5SD1,d=4)   MMABPA(ST1SD1,d=5)   MMABPA(ST2SD1,d=5)   MMABPA(ST3SD1,d=5)   MMABPA(ST4SD1,d=5)   MMABPA(ST5SD1,d=5)   MMABPA(ST5SD1,d=5)
    MMABPA(STH,d=4)           [1, 1, 1]           [0, 3, 0]           [1, 0, 2]           [0, 1, 2]           [0, 2, 1]           [0, 2, 1]           [0, 3, 0]           [0, 2, 1]           [0, 1, 2]           [0, 0, 3]           [0, 2, 1]           [0, 1, 2]         [2, 18, 16]
 MMABPA(ST1SD1,d=4)           [0, 2, 1]           [0, 1, 2]           [0, 2, 1]           [0, 2, 1]           [0, 1, 2]           [0, 2, 1]           [0, 3, 0]           [0, 0, 3]           [0, 1, 2]           [0, 1, 2]           [0, 2, 1]           [0, 2, 1]         [0, 19, 17]
 MMABPA(ST2SD1,d=4)           [0, 3, 0]           [0, 2, 1]           [0, 2, 1]           [0, 1, 2]           [1, 1, 1]           [1, 2, 0]           [0, 3, 0]           [0, 3, 0]           [1, 2, 0]           [0, 1, 2]           [1, 0, 2]           [0, 2, 1]         [4, 22, 10]
 MMABPA(ST3SD1,d=4)           [0, 3, 0]           [0, 2, 1]           [0, 1, 2]           [0, 1, 2]           [1, 0, 2]           [0, 1, 2]           [1, 2, 0]           [0, 2, 1]           [0, 3, 0]           [0, 0, 3]           [1, 1, 1]           [1, 1, 1]         [4, 17, 15]
 MMABPA(ST4SD1,d=4)           [0, 3, 0]           [1, 2, 0]           [0, 2, 1]           [0, 3, 0]           [0, 1, 2]           [0, 3, 0]           [0, 2, 1]           [0, 1, 2]           [0, 2, 1]           [0, 1, 2]           [0, 3, 0]           [0, 2, 1]         [1, 25, 10]
 MMABPA(ST5SD1,d=4)           [0, 3, 0]           [0, 2, 1]           [1, 2, 0]           [0, 3, 0]           [0, 3, 0]           [1, 2, 0]           [0, 0, 3]           [0, 1, 2]           [0, 2, 1]           [0, 2, 1]           [0, 1, 2]           [0, 2, 1]         [2, 23, 11]

 MMABPA(ST1SD1,d=5)           [0, 2, 1]           [0, 1, 2]           [0, 0, 3]           [0, 1, 2]           [1, 0, 2]           [0, 1, 2]           [0, 3, 0]           [1, 1, 1]           [0, 2, 1]           [0, 1, 2]           [0, 2, 1]           [0, 1, 2]         [2, 15, 19]
 MMABPA(ST2SD1,d=5)           [1, 2, 0]           [0, 2, 1]           [0, 1, 2]           [1, 1, 1]           [0, 2, 1]           [0, 1, 2]           [1, 1, 1]           [1, 2, 0]           [1, 2, 0]           [1, 1, 1]           [0, 2, 1]           [0, 1, 2]         [6, 18, 12]
 MMABPA(ST3SD1,d=5)           [0, 2, 1]           [0, 3, 0]           [0, 2, 1]           [0, 1, 2]           [1, 2, 0]           [0, 2, 1]           [0, 2, 1]           [0, 2, 1]           [0, 1, 2]           [0, 1, 2]           [0, 1, 2]           [0, 1, 2]         [1, 20, 15]
 MMABPA(ST4SD1,d=5)           [0, 3, 0]           [0, 3, 0]           [0, 3, 0]           [1, 1, 1]           [0, 2, 1]           [0, 1, 2]           [0, 2, 1]           [1, 2, 0]           [0, 2, 1]           [0, 1, 2]           [0, 2, 1]           [0, 2, 1]         [2, 24, 10]
 MMABPA(ST5SD1,d=5)           [0, 3, 0]           [0, 3, 0]           [0, 1, 2]           [0, 2, 1]           [0, 3, 0]           [0, 3, 0]           [0, 2, 1]           [0, 2, 1]           [1, 2, 0]           [0, 0, 3]           [0, 2, 1]           [0, 2, 1]         [1, 25, 10]
 MMABPA(ST5SD1,d=5)           [0, 3, 0]           [0, 3, 0]           [0, 3, 0]           [1, 1, 1]           [0, 3, 0]           [1, 1, 1]           [0, 0, 3]           [0, 2, 1]           [0, 1, 2]           [1, 1, 1]           [0, 2, 1]           [0, 0, 3]         [3, 20, 13]
            totals:          [2, 30, 4]          [1, 27, 8]         [2, 19, 15]         [3, 18, 15]         [4, 20, 12]         [3, 21, 12]         [2, 23, 11]         [3, 20, 13]         [3, 21, 12]         [2, 10, 24]         [2, 20, 14]         [1, 17, 18]




             agents:     MMABPA(STH,d=4)   MMABPA(ST1SD1,d=4)   MMABPA(ST2SD1,d=4)   MMABPA(ST3SD1,d=4)   MMABPA(ST4SD1,d=4)   MMABPA(ST5SD1,d=4)   MMABPA(ST6SD1,d=4)      MMABPA(STH,d=5)   MMABPA(ST1SD1,d=5)   MMABPA(ST2SD1,d=5)   MMABPA(ST3SD1,d=5)   MMABPA(ST4SD1,d=5)   MMABPA(ST5SD1,d=5)   MMABPA(ST6SD1,d=5)
    MMABPA(STH,d=4)           [0, 3, 0]           [0, 3, 0]           [0, 2, 1]           [0, 1, 2]           [0, 0, 3]           [0, 2, 1]           [1, 1, 1]           [0, 1, 2]           [0, 2, 1]           [0, 2, 1]           [1, 0, 2]           [1, 1, 1]           [1, 1, 1]           [0, 1, 2]         [4, 20, 18]
 MMABPA(ST1SD1,d=4)           [0, 2, 1]           [0, 0, 3]           [0, 2, 1]           [0, 1, 2]           [0, 0, 3]           [0, 1, 2]           [0, 1, 2]           [0, 3, 0]           [0, 2, 1]           [0, 1, 2]           [0, 2, 1]           [0, 1, 2]           [0, 2, 1]           [0, 0, 3]         [0, 18, 24]
 MMABPA(ST2SD1,d=4)           [0, 3, 0]           [0, 2, 1]           [0, 2, 1]           [0, 3, 0]           [0, 2, 1]           [0, 2, 1]           [0, 2, 1]           [0, 3, 0]           [0, 3, 0]           [0, 1, 2]           [1, 1, 1]           [1, 0, 2]           [0, 0, 3]           [0, 2, 1]         [2, 26, 14]
 MMABPA(ST3SD1,d=4)           [0, 3, 0]           [0, 3, 0]           [0, 3, 0]           [0, 1, 2]           [0, 1, 2]           [0, 2, 1]           [0, 2, 1]           [1, 2, 0]           [0, 1, 2]           [0, 1, 2]           [0, 1, 2]           [0, 1, 2]           [0, 1, 2]           [1, 0, 2]         [2, 22, 18]
 MMABPA(ST4SD1,d=4)           [0, 3, 0]           [0, 3, 0]           [0, 3, 0]           [0, 2, 1]           [1, 2, 0]           [0, 1, 2]           [0, 3, 0]           [0, 3, 0]           [0, 3, 0]           [0, 1, 2]           [1, 2, 0]           [0, 2, 1]           [2, 1, 0]           [0, 0, 3]          [4, 29, 9]
 MMABPA(ST5SD1,d=4)           [0, 2, 1]           [0, 2, 1]           [0, 2, 1]           [0, 3, 0]           [0, 3, 0]           [0, 2, 1]           [0, 2, 1]           [0, 2, 1]           [0, 2, 1]           [0, 2, 1]           [0, 3, 0]           [0, 2, 1]           [0, 3, 0]           [0, 2, 1]         [0, 32, 10]
 MMABPA(ST6SD1,d=4)           [0, 3, 0]           [0, 3, 0]           [0, 2, 1]           [0, 3, 0]           [0, 3, 0]           [0, 2, 1]           [0, 3, 0]           [0, 2, 1]           [0, 3, 0]           [0, 2, 1]           [0, 3, 0]           [0, 2, 1]           [0, 2, 1]           [0, 1, 2]          [0, 34, 8]

    MMABPA(STH,d=5)           [0, 2, 1]           [0, 2, 1]           [2, 1, 0]           [0, 1, 2]           [0, 3, 0]           [0, 2, 1]           [0, 1, 2]           [1, 1, 1]           [1, 1, 1]           [1, 1, 1]           [0, 1, 2]           [1, 1, 1]           [0, 1, 2]           [1, 1, 1]         [7, 19, 16]
 MMABPA(ST1SD1,d=5)           [0, 2, 1]           [0, 1, 2]           [0, 0, 3]           [0, 1, 2]           [0, 0, 3]           [0, 0, 3]           [0, 0, 3]           [0, 2, 1]           [0, 1, 2]           [0, 1, 2]           [0, 2, 1]           [1, 0, 2]           [0, 1, 2]           [0, 0, 3]         [1, 11, 30]
 MMABPA(ST2SD1,d=5)           [0, 3, 0]           [0, 3, 0]           [1, 2, 0]           [0, 3, 0]           [1, 1, 1]           [0, 3, 0]           [0, 0, 3]           [0, 3, 0]           [0, 2, 1]           [0, 2, 1]           [0, 1, 2]           [0, 1, 2]           [0, 0, 3]           [0, 1, 2]         [2, 25, 15]
 MMABPA(ST3SD1,d=5)           [0, 3, 0]           [1, 2, 0]           [0, 3, 0]           [0, 2, 1]           [1, 2, 0]           [0, 3, 0]           [2, 0, 1]           [1, 1, 1]           [0, 2, 1]           [0, 1, 2]           [0, 2, 1]           [0, 2, 1]           [1, 0, 2]           [1, 2, 0]         [7, 25, 10]
 MMABPA(ST4SD1,d=5)           [0, 2, 1]           [0, 3, 0]           [0, 1, 2]           [0, 3, 0]           [0, 3, 0]           [0, 3, 0]           [0, 3, 0]           [1, 2, 0]           [0, 2, 1]           [1, 1, 1]           [0, 3, 0]           [0, 3, 0]           [0, 2, 1]           [0, 1, 2]          [2, 32, 8]
 MMABPA(ST5SD1,d=5)           [0, 3, 0]           [0, 3, 0]           [0, 1, 2]           [0, 3, 0]           [0, 3, 0]           [0, 2, 1]           [0, 3, 0]           [0, 2, 1]           [1, 2, 0]           [0, 3, 0]           [0, 1, 2]           [0, 1, 2]           [0, 1, 2]           [0, 1, 2]         [1, 29, 12]
 MMABPA(ST6SD1,d=5)           [0, 3, 0]           [0, 2, 1]           [0, 3, 0]           [1, 2, 0]           [0, 1, 2]           [0, 1, 2]           [0, 3, 0]           [0, 3, 0]           [0, 3, 0]           [0, 3, 0]           [0, 1, 2]           [1, 1, 1]           [0, 2, 1]           [0, 1, 2]         [2, 29, 11]
            totals:          [0, 37, 5]          [1, 32, 9]         [3, 27, 12]         [1, 29, 12]         [3, 24, 15]         [0, 26, 16]         [3, 24, 15]          [4, 30, 8]         [2, 29, 11]         [2, 22, 18]         [3, 23, 16]         [5, 18, 19]         [4, 17, 21]         [3, 13, 26]


             agents:  MMABPA(ST4SD1,d=4)   MMABPA(ST5SD1,d=4)   MMABPA(ST6SD1,d=4)   MMABPA(ST7SD1,d=4)   MMABPA(ST4SD1,d=5)   MMABPA(ST5SD1,d=5)   MMABPA(ST6SD1,d=5)   MMABPA(ST7SD1,d=5)
 MMABPA(ST4SD1,d=4)           [0, 1, 2]           [0, 3, 0]           [0, 3, 0]           [0, 2, 1]           [0, 3, 0]           [0, 2, 1]           [0, 3, 0]           [0, 3, 0]          [0, 20, 4]
 MMABPA(ST5SD1,d=4)           [0, 3, 0]           [0, 1, 2]           [0, 3, 0]           [0, 3, 0]           [0, 0, 3]           [0, 2, 1]           [0, 1, 2]           [0, 3, 0]          [0, 16, 8]
 MMABPA(ST6SD1,d=4)           [0, 3, 0]           [0, 3, 0]           [0, 3, 0]           [0, 2, 1]           [0, 2, 1]           [0, 2, 1]           [1, 2, 0]           [0, 3, 0]          [1, 20, 3]
 MMABPA(ST7SD1,d=4)           [0, 2, 1]           [0, 3, 0]           [0, 1, 2]           [0, 2, 1]           [0, 2, 1]           [0, 2, 1]           [0, 1, 2]           [0, 1, 2]         [0, 14, 10]

 MMABPA(ST4SD1,d=5)           [0, 2, 1]           [1, 2, 0]           [0, 3, 0]           [1, 1, 1]           [0, 3, 0]           [0, 2, 1]           [1, 1, 1]           [0, 3, 0]          [3, 17, 4]
 MMABPA(ST5SD1,d=5)           [1, 2, 0]           [0, 1, 2]           [0, 3, 0]           [0, 3, 0]           [0, 1, 2]           [0, 1, 2]           [0, 0, 3]           [0, 3, 0]          [1, 14, 9]
 MMABPA(ST6SD1,d=5)           [0, 3, 0]           [0, 2, 1]           [0, 2, 1]           [0, 2, 1]           [0, 1, 2]           [1, 1, 1]           [0, 0, 3]           [0, 2, 1]         [1, 13, 10]
 MMABPA(ST7SD1,d=5)           [0, 1, 2]           [0, 3, 0]           [1, 2, 0]           [1, 2, 0]           [0, 0, 3]           [0, 3, 0]           [0, 2, 1]           [0, 3, 0]          [2, 16, 6]
            totals:          [1, 17, 6]          [1, 18, 5]          [1, 20, 3]          [2, 17, 5]         [0, 12, 12]          [1, 15, 8]         [2, 10, 12]          [0, 21, 3]

